{
	"asset": {
		"generator": "SOLIDWORKSGLTF",
		"version" : "2.0"
	},
"extensionsUsed": [ "KHR_lights_punctual", "Solidworks_custom_properties", "KHR_draco_mesh_compression"],
"extensionsRequired": [ "KHR_draco_mesh_compression" ],
	"scene" : 0,
	"scenes": [
		{
			"name": "Default - Display State-1",
			"nodes": [
				0, 1]
		}
	],
	"nodes": [
		{
			"matrix": [
				-0.0153885,					-0.307987,					0.951266,					0,
				0.221887,					0.926606,					0.303592,					0,
				-0.974951,					0.215745,					0.0540792,					0,
				-116.407,					32.5659,					8.58888,					1
			]
			,"camera": 0
			,"name": "current"		}
,
		{
			"children": [
				2, 3, 81, 82, 83
			]
			,"name": "new_excavator_without_cylinders"		}
,
		{
			"matrix": [
				0.263769,					-8.717e-17,					-0.964586,					0,
				7.36088e-18,					1,					-8.83576e-17,					0,
				0.964586,					1.62058e-17,					0.263769,					0,
				-1.96795,					1.3061,					4.1084,					1
			]
			,"mesh": 0
			,"name": "Base_Swing-1"		}
,
		{
			"children": [
				4, 5, 6, 7, 8, 9, 10, 11, 12, 13, 14, 15, 16, 17, 18, 19, 20, 21, 22, 23, 24, 25, 26, 27, 28, 29, 30, 31, 32, 33, 34, 35, 36, 37, 38, 39, 40, 41, 42, 43, 44, 45, 46, 47, 48, 49, 50, 51, 52, 53, 54, 55, 56, 57, 58, 59, 60, 61, 62, 63, 64, 65, 66, 67, 68, 69, 70, 71, 72, 73, 74, 75, 76, 77, 78, 79, 80
			]
			,"matrix": [
				1,					0,					0,					0,
				0,					1,					0,					0,
				0,					0,					1,					0,
				1.98802,					-1.96114,					-2.12983,					1
			]
			,"name": "Undercarrage-1"		}
,
		{
			"matrix": [
				-6.293e-17,					-0.951965,					0.306208,					0,
				1.40786e-17,					-0.306208,					-0.951965,					0,
				1,					-5.55962e-17,					3.26721e-17,					0,
				-0.119017,					3.23776,					2.77915,					1
			]
			,"mesh": 1
			,"name": "02.Wheel Driven Part-1"		}
,
		{
			"matrix": [
				6.99248e-17,					0.999992,					-0.00397209,					0,
				-5.38062e-16,					0.00397209,					0.999992,					0,
				1,					-6.77871e-17,					5.38335e-16,					0,
				0.0724827,					3.18158,					7.34965,					1
			]
			,"mesh": 2
			,"name": "03.Wheel Driving-1"		}
,
		{
			"matrix": [
				-1.20463e-16,					0.999992,					-0.00397209,					0,
				5.06704e-16,					-0.00397209,					-0.999992,					0,
				-1,					-1.22475e-16,					-5.06222e-16,					0,
				0.254983,					3.18158,					7.34965,					1
			]
			,"mesh": 3
			,"name": "04.Wheel Cap-1"		}
,
		{
			"matrix": [
				1,					0,					0,					0,
				0,					1,					0,					0,
				0,					0,					1,					0,
				-1.17802,					3.02776,					4.99665,					1
			]
			,"mesh": 4
			,"name": "01.Under Carriage Frame-1"		}
,
		{
			"matrix": [
				-7.34778e-22,					-0.0529776,					0.998596,					0,
				1.31673e-21,					0.998596,					0.0529776,					0,
				-1,					1.35381e-21,					-6.63989e-22,					0,
				0.0691722,					3.59032,					6.98424,					1
			]
			,"mesh": 5
			,"name": "05.Shoe-1"		}
,
		{
			"matrix": [
				-7.34778e-22,					-0.0249919,					0.999688,					0,
				1.31673e-21,					0.999688,					0.0249919,					0,
				-1,					1.33468e-21,					-7.01641e-22,					0,
				0.0691722,					3.58166,					7.33421,					1
			]
			,"mesh": 6
			,"name": "05.Shoe-2"		}
,
		{
			"matrix": [
				-7.34778e-22,					-0.802897,					0.596118,					0,
				1.31673e-21,					0.596118,					0.802897,					0,
				-1,					1.37488e-21,					6.19186e-22,					0,
				0.0691722,					3.22164,					7.7799,					1
			]
			,"mesh": 7
			,"name": "05.Shoe-4"		}
,
		{
			"matrix": [
				-7.34778e-22,					-0.997611,					-0.0690887,					0,
				1.31673e-21,					-0.0690887,					0.997611,					0,
				-1,					6.42051e-22,					1.36435e-21,					0,
				0.0691722,					2.93228,					7.70259,					1
			]
			,"mesh": 8
			,"name": "05.Shoe-5"		}
,
		{
			"matrix": [
				-7.34778e-22,					-0.234674,					0.972074,					0,
				1.31673e-21,					0.972074,					0.234674,					0,
				-1,					1.45239e-21,					-4.05256e-22,					0,
				0.0691722,					3.49144,					7.64914,					1
			]
			,"mesh": 9
			,"name": "05.Shoe-3"		}
,
		{
			"matrix": [
				-7.34778e-22,					0.00781605,					-0.999969,					0,
				1.31673e-21,					-0.999969,					-0.00781605,					0,
				-1,					-1.32243e-21,					7.24464e-22,					0,
				0.0691722,					2.81019,					4.7383,					1
			]
			,"mesh": 10
			,"name": "05.Shoe-14"		}
,
		{
			"matrix": [
				-7.34778e-22,					-0.713059,					-0.701104,					0,
				1.31673e-21,					-0.701104,					0.713059,					0,
				-1,					-3.99226e-22,					1.45406e-21,					0,
				0.0691722,					2.7627,					7.45573,					1
			]
			,"mesh": 11
			,"name": "05.Shoe-6"		}
,
		{
			"matrix": [
				-7.34778e-22,					0.00781605,					-0.999969,					0,
				1.31673e-21,					-0.999969,					-0.00781605,					0,
				-1,					-1.32243e-21,					7.24464e-22,					0,
				0.0691722,					2.7983,					5.77999,					1
			]
			,"mesh": 12
			,"name": "05.Shoe-11"		}
,
		{
			"matrix": [
				-7.34778e-22,					0.00781605,					-0.999969,					0,
				1.31673e-21,					-0.999969,					-0.00781605,					0,
				-1,					-1.32243e-21,					7.24464e-22,					0,
				0.0691722,					2.80623,					5.08553,					1
			]
			,"mesh": 13
			,"name": "05.Shoe-13"		}
,
		{
			"matrix": [
				-7.34778e-22,					0.0219396,					-0.999759,					0,
				1.31673e-21,					-0.999759,					-0.0219396,					0,
				-1,					-1.33254e-21,					7.05713e-22,					0,
				0.0691722,					2.83955,					2.65644,					1
			]
			,"mesh": 14
			,"name": "05.Shoe-20"		}
,
		{
			"matrix": [
				-7.34778e-22,					0.00781605,					-0.999969,					0,
				1.31673e-21,					-0.999969,					-0.00781605,					0,
				-1,					-1.32243e-21,					7.24464e-22,					0,
				0.0691722,					2.79433,					6.12722,					1
			]
			,"mesh": 15
			,"name": "05.Shoe-10"		}
,
		{
			"matrix": [
				-7.34778e-22,					0.00781605,					-0.999969,					0,
				1.31673e-21,					-0.999969,					-0.00781605,					0,
				-1,					-1.32243e-21,					7.24464e-22,					0,
				0.0691722,					2.82208,					3.69661,					1
			]
			,"mesh": 16
			,"name": "05.Shoe-17"		}
,
		{
			"matrix": [
				-7.34778e-22,					0.00781605,					-0.999969,					0,
				1.31673e-21,					-0.999969,					-0.00781605,					0,
				-1,					-1.32243e-21,					7.24464e-22,					0,
				0.0691722,					2.79037,					6.47445,					1
			]
			,"mesh": 17
			,"name": "05.Shoe-9"		}
,
		{
			"matrix": [
				-7.34778e-22,					0.00781605,					-0.999969,					0,
				1.31673e-21,					-0.999969,					-0.00781605,					0,
				-1,					-1.32243e-21,					7.24464e-22,					0,
				0.0691722,					2.78641,					6.82168,					1
			]
			,"mesh": 18
			,"name": "05.Shoe-8"		}
,
		{
			"matrix": [
				-7.34778e-22,					0.00781605,					-0.999969,					0,
				1.31673e-21,					-0.999969,					-0.00781605,					0,
				-1,					-1.32243e-21,					7.24464e-22,					0,
				0.0691722,					2.80226,					5.43276,					1
			]
			,"mesh": 19
			,"name": "05.Shoe-12"		}
,
		{
			"matrix": [
				-7.34778e-22,					-0.134492,					-0.990915,					0,
				1.31673e-21,					-0.990915,					0.134492,					0,
				-1,					-1.20595e-21,					9.05192e-22,					0,
				0.0691722,					2.77456,					7.15512,					1
			]
			,"mesh": 20
			,"name": "05.Shoe-7"		}
,
		{
			"matrix": [
				-7.34778e-22,					0.00781605,					-0.999969,					0,
				1.31673e-21,					-0.999969,					-0.00781605,					0,
				-1,					-1.32243e-21,					7.24464e-22,					0,
				0.0691722,					2.81812,					4.04384,					1
			]
			,"mesh": 21
			,"name": "05.Shoe-16"		}
,
		{
			"matrix": [
				-7.34778e-22,					0.00781605,					-0.999969,					0,
				1.31673e-21,					-0.999969,					-0.00781605,					0,
				-1,					-1.32243e-21,					7.24464e-22,					0,
				0.0691722,					2.82605,					3.34938,					1
			]
			,"mesh": 22
			,"name": "05.Shoe-18"		}
,
		{
			"matrix": [
				-7.34778e-22,					0.00781605,					-0.999969,					0,
				1.31673e-21,					-0.999969,					-0.00781605,					0,
				-1,					-1.32243e-21,					7.24464e-22,					0,
				0.0691722,					2.81415,					4.39107,					1
			]
			,"mesh": 23
			,"name": "05.Shoe-15"		}
,
		{
			"matrix": [
				-7.34778e-22,					0.00781605,					-0.999969,					0,
				1.31673e-21,					-0.999969,					-0.00781605,					0,
				-1,					-1.32243e-21,					7.24464e-22,					0,
				0.0691722,					2.83001,					3.00216,					1
			]
			,"mesh": 24
			,"name": "05.Shoe-19"		}
,
		{
			"matrix": [
				-7.34778e-22,					-0.0134112,					0.99991,					0,
				1.31673e-21,					0.99991,					0.0134112,					0,
				-1,					1.32647e-21,					-7.17053e-22,					0,
				0.0691722,					3.66141,					4.80962,					1
			]
			,"mesh": 25
			,"name": "05.Shoe-30"		}
,
		{
			"matrix": [
				-7.34778e-22,					0.0125895,					0.999921,					0,
				1.31673e-21,					0.999921,					-0.0125895,					0,
				-1,					1.30738e-21,					-7.51297e-22,					0,
				0.0691722,					3.66948,					5.50669,					1
			]
			,"mesh": 26
			,"name": "05.Shoe-32"		}
,
		{
			"matrix": [
				-7.34778e-22,					0.477915,					-0.878406,					0,
				1.31673e-21,					-0.878406,					-0.477915,					0,
				-1,					-1.50779e-21,					1.61486e-23,					0,
				0.0691722,					3.01681,					2.40355,					1
			]
			,"mesh": 27
			,"name": "05.Shoe-21"		}
,
		{
			"matrix": [
				-7.34778e-22,					0.932123,					-0.362143,					0,
				1.31673e-21,					-0.362143,					-0.932123,					0,
				-1,					-1.16175e-21,					-9.6126e-22,					0,
				0.0691722,					3.31157,					2.34968,					1
			]
			,"mesh": 28
			,"name": "05.Shoe-22"		}
,
		{
			"matrix": [
				-7.34778e-22,					0.945593,					0.325353,					0,
				1.31673e-21,					0.325353,					-0.945593,					0,
				-1,					-2.66398e-22,					-1.48415e-21,					0,
				0.0691722,					3.57143,					2.49888,					1
			]
			,"mesh": 29
			,"name": "05.Shoe-23"		}
,
		{
			"matrix": [
				-7.34778e-22,					0.519579,					0.854422,					0,
				1.31673e-21,					0.854422,					-0.519579,					0,
				-1,					7.43269e-22,					-1.31196e-21,					0,
				0.0691722,					3.67701,					2.77955,					1
			]
			,"mesh": 30
			,"name": "05.Shoe-24"		}
,
		{
			"matrix": [
				-7.34778e-22,					0.0514915,					0.998673,					0,
				1.31673e-21,					0.998673,					-0.0514915,					0,
				-1,					1.27715e-21,					-8.01604e-22,					0,
				0.0691722,					3.71846,					3.4283,					1
			]
			,"mesh": 31
			,"name": "05.Shoe-26"		}
,
		{
			"matrix": [
				-7.34778e-22,					-0.0221916,					0.999754,					0,
				1.31673e-21,					0.999754,					0.0221916,					0,
				-1,					1.33271e-21,					-7.05377e-22,					0,
				0.0691722,					3.70579,					3.76812,					1
			]
			,"mesh": 32
			,"name": "05.Shoe-27"		}
,
		{
			"matrix": [
				-7.34778e-22,					-0.0545497,					0.998511,					0,
				1.31673e-21,					0.998511,					0.0545497,					0,
				-1,					1.35485e-21,					-6.61857e-22,					0,
				0.0691722,					3.68413,					4.11149,					1
			]
			,"mesh": 33
			,"name": "05.Shoe-28"		}
,
		{
			"matrix": [
				-7.34778e-22,					0.182607,					0.983186,					0,
				1.31673e-21,					0.983186,					-0.182607,					0,
				-1,					1.16042e-21,					-9.62868e-22,					0,
				0.0691722,					3.7098,					3.0938,					1
			]
			,"mesh": 34
			,"name": "05.Shoe-25"		}
,
		{
			"matrix": [
				-7.34778e-22,					-0.0502403,					0.998737,					0,
				1.31673e-21,					0.998737,					0.0502403,					0,
				-1,					1.35198e-21,					-6.67697e-22,					0,
				0.0691722,					3.66563,					4.45868,					1
			]
			,"mesh": 35
			,"name": "05.Shoe-29"		}
,
		{
			"matrix": [
				-7.34778e-22,					0.0141841,					0.999899,					0,
				1.31673e-21,					0.999899,					-0.0141841,					0,
				-1,					1.30618e-21,					-7.53381e-22,					0,
				0.0691722,					3.66644,					5.15962,					1
			]
			,"mesh": 36
			,"name": "05.Shoe-31"		}
,
		{
			"matrix": [
				7.34778e-22,					-0.134492,					-0.990915,					0,
				-1.31673e-21,					-0.990915,					0.134492,					0,
				-1,					1.20595e-21,					-9.05192e-22,					0,
				-2.42521,					2.77456,					7.15512,					1
			]
			,"mesh": 37
			,"name": "05.Shoe-43"		}
,
		{
			"matrix": [
				-7.34778e-22,					-0.0194307,					0.999811,					0,
				1.31673e-21,					0.999811,					0.0194307,					0,
				-1,					1.33076e-21,					-7.09055e-22,					0,
				0.0691722,					3.65992,					5.85065,					1
			]
			,"mesh": 38
			,"name": "05.Shoe-33"		}
,
		{
			"matrix": [
				-7.34778e-22,					-0.0631067,					0.998007,					0,
				1.31673e-21,					0.998007,					0.0631067,					0,
				-1,					1.36048e-21,					-6.50219e-22,					0,
				0.0691722,					3.61594,					6.53941,					1
			]
			,"mesh": 39
			,"name": "05.Shoe-35"		}
,
		{
			"matrix": [
				7.34778e-22,					-0.0529776,					0.998596,					0,
				-1.31673e-21,					0.998596,					0.0529776,					0,
				-1,					-1.35381e-21,					6.63989e-22,					0,
				-2.42521,					3.59032,					6.98424,					1
			]
			,"mesh": 40
			,"name": "05.Shoe-37"		}
,
		{
			"matrix": [
				7.34778e-22,					0.00781605,					-0.999969,					0,
				-1.31673e-21,					-0.999969,					-0.00781605,					0,
				-1,					1.32243e-21,					-7.24464e-22,					0,
				-2.42521,					2.80226,					5.43276,					1
			]
			,"mesh": 41
			,"name": "05.Shoe-48"		}
,
		{
			"matrix": [
				7.34778e-22,					-0.0249919,					0.999688,					0,
				-1.31673e-21,					0.999688,					0.0249919,					0,
				-1,					-1.33468e-21,					7.01641e-22,					0,
				-2.42521,					3.58166,					7.33421,					1
			]
			,"mesh": 42
			,"name": "05.Shoe-38"		}
,
		{
			"matrix": [
				7.34778e-22,					-0.997611,					-0.0690887,					0,
				-1.31673e-21,					-0.0690887,					0.997611,					0,
				-1,					-6.42051e-22,					-1.36435e-21,					0,
				-2.42521,					2.93228,					7.70259,					1
			]
			,"mesh": 43
			,"name": "05.Shoe-41"		}
,
		{
			"matrix": [
				-7.34778e-22,					-0.0507254,					0.998713,					0,
				1.31673e-21,					0.998713,					0.0507254,					0,
				-1,					1.35231e-21,					-6.67041e-22,					0,
				0.0691722,					3.63964,					6.1942,					1
			]
			,"mesh": 44
			,"name": "05.Shoe-34"		}
,
		{
			"matrix": [
				7.34778e-22,					-0.234674,					0.972074,					0,
				-1.31673e-21,					0.972074,					0.234674,					0,
				-1,					-1.45239e-21,					4.05256e-22,					0,
				-2.42521,					3.49144,					7.64914,					1
			]
			,"mesh": 45
			,"name": "05.Shoe-39"		}
,
		{
			"matrix": [
				7.34778e-22,					-0.802897,					0.596118,					0,
				-1.31673e-21,					0.596118,					0.802897,					0,
				-1,					-1.37488e-21,					-6.19186e-22,					0,
				-2.42521,					3.22164,					7.7799,					1
			]
			,"mesh": 46
			,"name": "05.Shoe-40"		}
,
		{
			"matrix": [
				7.34778e-22,					-0.713059,					-0.701104,					0,
				-1.31673e-21,					-0.701104,					0.713059,					0,
				-1,					3.99226e-22,					-1.45406e-21,					0,
				-2.42521,					2.7627,					7.45573,					1
			]
			,"mesh": 47
			,"name": "05.Shoe-42"		}
,
		{
			"matrix": [
				7.34778e-22,					0.00781605,					-0.999969,					0,
				-1.31673e-21,					-0.999969,					-0.00781605,					0,
				-1,					1.32243e-21,					-7.24464e-22,					0,
				-2.42521,					2.78641,					6.82168,					1
			]
			,"mesh": 48
			,"name": "05.Shoe-44"		}
,
		{
			"matrix": [
				7.34778e-22,					0.00781605,					-0.999969,					0,
				-1.31673e-21,					-0.999969,					-0.00781605,					0,
				-1,					1.32243e-21,					-7.24464e-22,					0,
				-2.42521,					2.79037,					6.47445,					1
			]
			,"mesh": 49
			,"name": "05.Shoe-45"		}
,
		{
			"matrix": [
				7.34778e-22,					0.00781605,					-0.999969,					0,
				-1.31673e-21,					-0.999969,					-0.00781605,					0,
				-1,					1.32243e-21,					-7.24464e-22,					0,
				-2.42521,					2.79433,					6.12722,					1
			]
			,"mesh": 50
			,"name": "05.Shoe-46"		}
,
		{
			"matrix": [
				7.34778e-22,					0.00781605,					-0.999969,					0,
				-1.31673e-21,					-0.999969,					-0.00781605,					0,
				-1,					1.32243e-21,					-7.24464e-22,					0,
				-2.42521,					2.7983,					5.77999,					1
			]
			,"mesh": 51
			,"name": "05.Shoe-47"		}
,
		{
			"matrix": [
				7.34778e-22,					0.00781605,					-0.999969,					0,
				-1.31673e-21,					-0.999969,					-0.00781605,					0,
				-1,					1.32243e-21,					-7.24464e-22,					0,
				-2.42521,					2.80623,					5.08553,					1
			]
			,"mesh": 52
			,"name": "05.Shoe-49"		}
,
		{
			"matrix": [
				7.34778e-22,					0.00781605,					-0.999969,					0,
				-1.31673e-21,					-0.999969,					-0.00781605,					0,
				-1,					1.32243e-21,					-7.24464e-22,					0,
				-2.42521,					2.81019,					4.7383,					1
			]
			,"mesh": 53
			,"name": "05.Shoe-50"		}
,
		{
			"matrix": [
				7.34778e-22,					0.00781605,					-0.999969,					0,
				-1.31673e-21,					-0.999969,					-0.00781605,					0,
				-1,					1.32243e-21,					-7.24464e-22,					0,
				-2.42521,					2.81415,					4.39107,					1
			]
			,"mesh": 54
			,"name": "05.Shoe-51"		}
,
		{
			"matrix": [
				7.34778e-22,					0.945593,					0.325353,					0,
				-1.31673e-21,					0.325353,					-0.945593,					0,
				-1,					2.66398e-22,					1.48415e-21,					0,
				-2.42521,					3.57143,					2.49888,					1
			]
			,"mesh": 55
			,"name": "05.Shoe-59"		}
,
		{
			"matrix": [
				7.34778e-22,					0.477915,					-0.878406,					0,
				-1.31673e-21,					-0.878406,					-0.477915,					0,
				-1,					1.50779e-21,					-1.61486e-23,					0,
				-2.42521,					3.01681,					2.40355,					1
			]
			,"mesh": 56
			,"name": "05.Shoe-57"		}
,
		{
			"matrix": [
				7.34778e-22,					-0.0221916,					0.999754,					0,
				-1.31673e-21,					0.999754,					0.0221916,					0,
				-1,					-1.33271e-21,					7.05377e-22,					0,
				-2.42521,					3.70579,					3.76812,					1
			]
			,"mesh": 57
			,"name": "05.Shoe-63"		}
,
		{
			"matrix": [
				7.34778e-22,					0.00781605,					-0.999969,					0,
				-1.31673e-21,					-0.999969,					-0.00781605,					0,
				-1,					1.32243e-21,					-7.24464e-22,					0,
				-2.42521,					2.81812,					4.04384,					1
			]
			,"mesh": 58
			,"name": "05.Shoe-52"		}
,
		{
			"matrix": [
				7.34778e-22,					0.00781605,					-0.999969,					0,
				-1.31673e-21,					-0.999969,					-0.00781605,					0,
				-1,					1.32243e-21,					-7.24464e-22,					0,
				-2.42521,					2.82605,					3.34938,					1
			]
			,"mesh": 59
			,"name": "05.Shoe-54"		}
,
		{
			"matrix": [
				7.34778e-22,					0.932123,					-0.362143,					0,
				-1.31673e-21,					-0.362143,					-0.932123,					0,
				-1,					1.16175e-21,					9.6126e-22,					0,
				-2.42521,					3.31157,					2.34968,					1
			]
			,"mesh": 60
			,"name": "05.Shoe-58"		}
,
		{
			"matrix": [
				7.34778e-22,					0.519579,					0.854422,					0,
				-1.31673e-21,					0.854422,					-0.519579,					0,
				-1,					-7.43269e-22,					1.31196e-21,					0,
				-2.42521,					3.67701,					2.77955,					1
			]
			,"mesh": 61
			,"name": "05.Shoe-60"		}
,
		{
			"matrix": [
				7.34778e-22,					0.00781605,					-0.999969,					0,
				-1.31673e-21,					-0.999969,					-0.00781605,					0,
				-1,					1.32243e-21,					-7.24464e-22,					0,
				-2.42521,					2.82208,					3.69661,					1
			]
			,"mesh": 62
			,"name": "05.Shoe-53"		}
,
		{
			"matrix": [
				7.34778e-22,					-0.0507254,					0.998713,					0,
				-1.31673e-21,					0.998713,					0.0507254,					0,
				-1,					-1.35231e-21,					6.67041e-22,					0,
				-2.42521,					3.63964,					6.1942,					1
			]
			,"mesh": 63
			,"name": "05.Shoe-70"		}
,
		{
			"matrix": [
				7.34778e-22,					0.00781605,					-0.999969,					0,
				-1.31673e-21,					-0.999969,					-0.00781605,					0,
				-1,					1.32243e-21,					-7.24464e-22,					0,
				-2.42521,					2.83001,					3.00216,					1
			]
			,"mesh": 64
			,"name": "05.Shoe-55"		}
,
		{
			"matrix": [
				7.34778e-22,					0.0219396,					-0.999759,					0,
				-1.31673e-21,					-0.999759,					-0.0219396,					0,
				-1,					1.33254e-21,					-7.05713e-22,					0,
				-2.42521,					2.83955,					2.65644,					1
			]
			,"mesh": 65
			,"name": "05.Shoe-56"		}
,
		{
			"matrix": [
				7.34778e-22,					0.182607,					0.983186,					0,
				-1.31673e-21,					0.983186,					-0.182607,					0,
				-1,					-1.16042e-21,					9.62868e-22,					0,
				-2.42521,					3.7098,					3.0938,					1
			]
			,"mesh": 66
			,"name": "05.Shoe-61"		}
,
		{
			"matrix": [
				7.34778e-22,					0.0514915,					0.998673,					0,
				-1.31673e-21,					0.998673,					-0.0514915,					0,
				-1,					-1.27715e-21,					8.01604e-22,					0,
				-2.42521,					3.71846,					3.4283,					1
			]
			,"mesh": 67
			,"name": "05.Shoe-62"		}
,
		{
			"matrix": [
				7.34778e-22,					-0.0545497,					0.998511,					0,
				-1.31673e-21,					0.998511,					0.0545497,					0,
				-1,					-1.35485e-21,					6.61857e-22,					0,
				-2.42521,					3.68413,					4.11149,					1
			]
			,"mesh": 68
			,"name": "05.Shoe-64"		}
,
		{
			"matrix": [
				7.34778e-22,					0.0141841,					0.999899,					0,
				-1.31673e-21,					0.999899,					-0.0141841,					0,
				-1,					-1.30618e-21,					7.53381e-22,					0,
				-2.42521,					3.66644,					5.15962,					1
			]
			,"mesh": 69
			,"name": "05.Shoe-67"		}
,
		{
			"matrix": [
				7.34778e-22,					0.0125895,					0.999921,					0,
				-1.31673e-21,					0.999921,					-0.0125895,					0,
				-1,					-1.30738e-21,					7.51297e-22,					0,
				-2.42521,					3.66948,					5.50669,					1
			]
			,"mesh": 70
			,"name": "05.Shoe-68"		}
,
		{
			"matrix": [
				7.34778e-22,					-0.0502403,					0.998737,					0,
				-1.31673e-21,					0.998737,					0.0502403,					0,
				-1,					-1.35198e-21,					6.67697e-22,					0,
				-2.42521,					3.66563,					4.45868,					1
			]
			,"mesh": 71
			,"name": "05.Shoe-65"		}
,
		{
			"matrix": [
				7.34778e-22,					-0.0134112,					0.99991,					0,
				-1.31673e-21,					0.99991,					0.0134112,					0,
				-1,					-1.32647e-21,					7.17053e-22,					0,
				-2.42521,					3.66141,					4.80962,					1
			]
			,"mesh": 72
			,"name": "05.Shoe-66"		}
,
		{
			"matrix": [
				7.34778e-22,					-0.0194307,					0.999811,					0,
				-1.31673e-21,					0.999811,					0.0194307,					0,
				-1,					-1.33076e-21,					7.09055e-22,					0,
				-2.42521,					3.65992,					5.85065,					1
			]
			,"mesh": 73
			,"name": "05.Shoe-69"		}
,
		{
			"matrix": [
				6.293e-17,					-0.951965,					0.306208,					0,
				1.40786e-17,					0.306208,					0.951965,					0,
				-1,					-5.55962e-17,					3.26721e-17,					0,
				-2.23702,					3.23776,					2.77915,					1
			]
			,"mesh": 74
			,"name": "02.Wheel Driven Part-2"		}
,
		{
			"matrix": [
				1.20463e-16,					0.999992,					-0.00397209,					0,
				5.06704e-16,					0.00397209,					0.999992,					0,
				1,					-1.22475e-16,					-5.06222e-16,					0,
				-2.61102,					3.18158,					7.34965,					1
			]
			,"mesh": 75
			,"name": "04.Wheel Cap-2"		}
,
		{
			"matrix": [
				7.34778e-22,					-0.0631067,					0.998007,					0,
				-1.31673e-21,					0.998007,					0.0631067,					0,
				-1,					-1.36048e-21,					6.50219e-22,					0,
				-2.42521,					3.61594,					6.53941,					1
			]
			,"mesh": 76
			,"name": "05.Shoe-71"		}
,
		{
			"matrix": [
				6.99248e-17,					-0.999992,					0.00397209,					0,
				5.38062e-16,					0.00397209,					0.999992,					0,
				-1,					-6.77871e-17,					5.38335e-16,					0,
				-2.42852,					3.18158,					7.34965,					1
			]
			,"mesh": 77
			,"name": "03.Wheel Driving-2"		}
,
		{
			"matrix": [
				0.15611,					0.806052,					-0.570885,					0,
				-0.212612,					0.591844,					0.777507,					0,
				0.964586,					9.82396e-16,					0.263769,					0,
				2.08884,					8.94465,					-1.8098,					1
			]
			,"mesh": 78
			,"name": "Boom1_Main-1"		}
,
		{
			"matrix": [
				0.145315,					-0.83456,					-0.531407,					0,
				0.220131,					0.550917,					-0.805005,					0,
				0.964586,					-2.22045e-16,					0.263769,					0,
				2.925,					6.58374,					-2.9919,					1
			]
			,"mesh": 79
			,"name": "Boom2_Dipper-1"		}
,
		{
			"matrix": [
				0.142977,					-0.840343,					-0.522858,					0,
				0.221657,					0.542054,					-0.810583,					0,
				0.964586,					-3.33067e-16,					0.263769,					0,
				2.54717,					6.9297,					-3.48588,					1
			]
			,"mesh": 80
			,"name": "Bucket-1"		}
	],
	"cameras": [
		{
			"type": "orthographic",
			"orthographic" : {
				"xmag": 1,
				"ymag" : 1,
				"zfar" : 100,
				"znear" : 0.01
			}
		}
	],
	"meshes" : [
		{
			"primitives" : [
				{
					"attributes" : {
					"POSITION" : 1,
					"NORMAL" : 2,
					"TEXCOORD_0" : 3
					},
					"indices" : 0,
					"mode": 4,
					"material" : 1
					,"extensions": {
					"KHR_draco_mesh_compression": {
					"bufferView": 0,
					"attributes" : {
					"POSITION": 0,
					"NORMAL" : 1,
					"TEXCOORD_0" : 2
					}
					}
					}
				},
				{
					"attributes" : {
					"POSITION" : 5,
					"NORMAL" : 6,
					"TEXCOORD_0" : 7
					},
					"indices" : 4,
					"mode": 4,
					"material" : 2
					,"extensions": {
					"KHR_draco_mesh_compression": {
					"bufferView": 1,
					"attributes" : {
					"POSITION": 0,
					"NORMAL" : 1,
					"TEXCOORD_0" : 2
					}
					}
					}
				},
				{
					"attributes" : {
					"POSITION" : 9,
					"NORMAL" : 10,
					"TEXCOORD_0" : 11
					},
					"indices" : 8,
					"mode": 4,
					"material" : 3
					,"extensions": {
					"KHR_draco_mesh_compression": {
					"bufferView": 2,
					"attributes" : {
					"POSITION": 0,
					"NORMAL" : 1,
					"TEXCOORD_0" : 2
					}
					}
					}
				},
				{
					"attributes" : {
					"POSITION" : 13,
					"NORMAL" : 14,
					"TEXCOORD_0" : 15
					},
					"indices" : 12,
					"mode": 4,
					"material" : 4
					,"extensions": {
					"KHR_draco_mesh_compression": {
					"bufferView": 3,
					"attributes" : {
					"POSITION": 0,
					"NORMAL" : 1,
					"TEXCOORD_0" : 2
					}
					}
					}
				},
				{
					"attributes" : {
					"POSITION" : 17,
					"NORMAL" : 18,
					"TEXCOORD_0" : 19
					},
					"indices" : 16,
					"mode": 4,
					"material" : 5
					,"extensions": {
					"KHR_draco_mesh_compression": {
					"bufferView": 4,
					"attributes" : {
					"POSITION": 0,
					"NORMAL" : 1,
					"TEXCOORD_0" : 2
					}
					}
					}
				},
				{
					"attributes" : {
					"POSITION" : 21,
					"NORMAL" : 22,
					"TEXCOORD_0" : 23
					},
					"indices" : 20,
					"mode": 4,
					"material" : 5
					,"extensions": {
					"KHR_draco_mesh_compression": {
					"bufferView": 5,
					"attributes" : {
					"POSITION": 0,
					"NORMAL" : 1,
					"TEXCOORD_0" : 2
					}
					}
					}
				},
				{
					"attributes" : {
					"POSITION" : 25,
					"NORMAL" : 26,
					"TEXCOORD_0" : 27
					},
					"indices" : 24,
					"mode": 4,
					"material" : 5
					,"extensions": {
					"KHR_draco_mesh_compression": {
					"bufferView": 6,
					"attributes" : {
					"POSITION": 0,
					"NORMAL" : 1,
					"TEXCOORD_0" : 2
					}
					}
					}
				}
			]
		},
		{
			"primitives" : [
				{
					"attributes" : {
					"POSITION" : 29,
					"NORMAL" : 30,
					"TEXCOORD_0" : 31
					},
					"indices" : 28,
					"mode": 4,
					"material" : 6
					,"extensions": {
					"KHR_draco_mesh_compression": {
					"bufferView": 7,
					"attributes" : {
					"POSITION": 0,
					"NORMAL" : 1,
					"TEXCOORD_0" : 2
					}
					}
					}
				}
			]
		},
		{
			"primitives" : [
				{
					"attributes" : {
					"POSITION" : 33,
					"NORMAL" : 34,
					"TEXCOORD_0" : 35
					},
					"indices" : 32,
					"mode": 4,
					"material" : 7
					,"extensions": {
					"KHR_draco_mesh_compression": {
					"bufferView": 8,
					"attributes" : {
					"POSITION": 0,
					"NORMAL" : 1,
					"TEXCOORD_0" : 2
					}
					}
					}
				},
				{
					"attributes" : {
					"POSITION" : 37,
					"NORMAL" : 38,
					"TEXCOORD_0" : 39
					},
					"indices" : 36,
					"mode": 4,
					"material" : 7
					,"extensions": {
					"KHR_draco_mesh_compression": {
					"bufferView": 9,
					"attributes" : {
					"POSITION": 0,
					"NORMAL" : 1,
					"TEXCOORD_0" : 2
					}
					}
					}
				},
				{
					"attributes" : {
					"POSITION" : 41,
					"NORMAL" : 42,
					"TEXCOORD_0" : 43
					},
					"indices" : 40,
					"mode": 4,
					"material" : 7
					,"extensions": {
					"KHR_draco_mesh_compression": {
					"bufferView": 10,
					"attributes" : {
					"POSITION": 0,
					"NORMAL" : 1,
					"TEXCOORD_0" : 2
					}
					}
					}
				},
				{
					"attributes" : {
					"POSITION" : 45,
					"NORMAL" : 46,
					"TEXCOORD_0" : 47
					},
					"indices" : 44,
					"mode": 4,
					"material" : 7
					,"extensions": {
					"KHR_draco_mesh_compression": {
					"bufferView": 11,
					"attributes" : {
					"POSITION": 0,
					"NORMAL" : 1,
					"TEXCOORD_0" : 2
					}
					}
					}
				}
			]
		},
		{
			"primitives" : [
				{
					"attributes" : {
					"POSITION" : 49,
					"NORMAL" : 50,
					"TEXCOORD_0" : 51
					},
					"indices" : 48,
					"mode": 4,
					"material" : 8
					,"extensions": {
					"KHR_draco_mesh_compression": {
					"bufferView": 12,
					"attributes" : {
					"POSITION": 0,
					"NORMAL" : 1,
					"TEXCOORD_0" : 2
					}
					}
					}
				},
				{
					"attributes" : {
					"POSITION" : 53,
					"NORMAL" : 54,
					"TEXCOORD_0" : 55
					},
					"indices" : 52,
					"mode": 4,
					"material" : 8
					,"extensions": {
					"KHR_draco_mesh_compression": {
					"bufferView": 13,
					"attributes" : {
					"POSITION": 0,
					"NORMAL" : 1,
					"TEXCOORD_0" : 2
					}
					}
					}
				}
			]
		},
		{
			"primitives" : [
				{
					"attributes" : {
					"POSITION" : 57,
					"NORMAL" : 58,
					"TEXCOORD_0" : 59
					},
					"indices" : 56,
					"mode": 4,
					"material" : 9
					,"extensions": {
					"KHR_draco_mesh_compression": {
					"bufferView": 14,
					"attributes" : {
					"POSITION": 0,
					"NORMAL" : 1,
					"TEXCOORD_0" : 2
					}
					}
					}
				},
				{
					"attributes" : {
					"POSITION" : 61,
					"NORMAL" : 62,
					"TEXCOORD_0" : 63
					},
					"indices" : 60,
					"mode": 4,
					"material" : 9
					,"extensions": {
					"KHR_draco_mesh_compression": {
					"bufferView": 15,
					"attributes" : {
					"POSITION": 0,
					"NORMAL" : 1,
					"TEXCOORD_0" : 2
					}
					}
					}
				},
				{
					"attributes" : {
					"POSITION" : 65,
					"NORMAL" : 66,
					"TEXCOORD_0" : 67
					},
					"indices" : 64,
					"mode": 4,
					"material" : 9
					,"extensions": {
					"KHR_draco_mesh_compression": {
					"bufferView": 16,
					"attributes" : {
					"POSITION": 0,
					"NORMAL" : 1,
					"TEXCOORD_0" : 2
					}
					}
					}
				}
			]
		},
		{
			"primitives" : [
				{
					"attributes" : {
					"POSITION" : 69,
					"NORMAL" : 70,
					"TEXCOORD_0" : 71
					},
					"indices" : 68,
					"mode": 4,
					"material" : 10
					,"extensions": {
					"KHR_draco_mesh_compression": {
					"bufferView": 17,
					"attributes" : {
					"POSITION": 0,
					"NORMAL" : 1,
					"TEXCOORD_0" : 2
					}
					}
					}
				}
			]
		},
		{
			"primitives" : [
				{
					"attributes" : {
					"POSITION" : 73,
					"NORMAL" : 74,
					"TEXCOORD_0" : 75
					},
					"indices" : 72,
					"mode": 4,
					"material" : 10
					,"extensions": {
					"KHR_draco_mesh_compression": {
					"bufferView": 18,
					"attributes" : {
					"POSITION": 0,
					"NORMAL" : 1,
					"TEXCOORD_0" : 2
					}
					}
					}
				}
			]
		},
		{
			"primitives" : [
				{
					"attributes" : {
					"POSITION" : 77,
					"NORMAL" : 78,
					"TEXCOORD_0" : 79
					},
					"indices" : 76,
					"mode": 4,
					"material" : 10
					,"extensions": {
					"KHR_draco_mesh_compression": {
					"bufferView": 19,
					"attributes" : {
					"POSITION": 0,
					"NORMAL" : 1,
					"TEXCOORD_0" : 2
					}
					}
					}
				}
			]
		},
		{
			"primitives" : [
				{
					"attributes" : {
					"POSITION" : 81,
					"NORMAL" : 82,
					"TEXCOORD_0" : 83
					},
					"indices" : 80,
					"mode": 4,
					"material" : 10
					,"extensions": {
					"KHR_draco_mesh_compression": {
					"bufferView": 20,
					"attributes" : {
					"POSITION": 0,
					"NORMAL" : 1,
					"TEXCOORD_0" : 2
					}
					}
					}
				}
			]
		},
		{
			"primitives" : [
				{
					"attributes" : {
					"POSITION" : 85,
					"NORMAL" : 86,
					"TEXCOORD_0" : 87
					},
					"indices" : 84,
					"mode": 4,
					"material" : 10
					,"extensions": {
					"KHR_draco_mesh_compression": {
					"bufferView": 21,
					"attributes" : {
					"POSITION": 0,
					"NORMAL" : 1,
					"TEXCOORD_0" : 2
					}
					}
					}
				}
			]
		},
		{
			"primitives" : [
				{
					"attributes" : {
					"POSITION" : 89,
					"NORMAL" : 90,
					"TEXCOORD_0" : 91
					},
					"indices" : 88,
					"mode": 4,
					"material" : 10
					,"extensions": {
					"KHR_draco_mesh_compression": {
					"bufferView": 22,
					"attributes" : {
					"POSITION": 0,
					"NORMAL" : 1,
					"TEXCOORD_0" : 2
					}
					}
					}
				}
			]
		},
		{
			"primitives" : [
				{
					"attributes" : {
					"POSITION" : 93,
					"NORMAL" : 94,
					"TEXCOORD_0" : 95
					},
					"indices" : 92,
					"mode": 4,
					"material" : 10
					,"extensions": {
					"KHR_draco_mesh_compression": {
					"bufferView": 23,
					"attributes" : {
					"POSITION": 0,
					"NORMAL" : 1,
					"TEXCOORD_0" : 2
					}
					}
					}
				}
			]
		},
		{
			"primitives" : [
				{
					"attributes" : {
					"POSITION" : 97,
					"NORMAL" : 98,
					"TEXCOORD_0" : 99
					},
					"indices" : 96,
					"mode": 4,
					"material" : 10
					,"extensions": {
					"KHR_draco_mesh_compression": {
					"bufferView": 24,
					"attributes" : {
					"POSITION": 0,
					"NORMAL" : 1,
					"TEXCOORD_0" : 2
					}
					}
					}
				}
			]
		},
		{
			"primitives" : [
				{
					"attributes" : {
					"POSITION" : 101,
					"NORMAL" : 102,
					"TEXCOORD_0" : 103
					},
					"indices" : 100,
					"mode": 4,
					"material" : 10
					,"extensions": {
					"KHR_draco_mesh_compression": {
					"bufferView": 25,
					"attributes" : {
					"POSITION": 0,
					"NORMAL" : 1,
					"TEXCOORD_0" : 2
					}
					}
					}
				}
			]
		},
		{
			"primitives" : [
				{
					"attributes" : {
					"POSITION" : 105,
					"NORMAL" : 106,
					"TEXCOORD_0" : 107
					},
					"indices" : 104,
					"mode": 4,
					"material" : 10
					,"extensions": {
					"KHR_draco_mesh_compression": {
					"bufferView": 26,
					"attributes" : {
					"POSITION": 0,
					"NORMAL" : 1,
					"TEXCOORD_0" : 2
					}
					}
					}
				}
			]
		},
		{
			"primitives" : [
				{
					"attributes" : {
					"POSITION" : 109,
					"NORMAL" : 110,
					"TEXCOORD_0" : 111
					},
					"indices" : 108,
					"mode": 4,
					"material" : 10
					,"extensions": {
					"KHR_draco_mesh_compression": {
					"bufferView": 27,
					"attributes" : {
					"POSITION": 0,
					"NORMAL" : 1,
					"TEXCOORD_0" : 2
					}
					}
					}
				}
			]
		},
		{
			"primitives" : [
				{
					"attributes" : {
					"POSITION" : 113,
					"NORMAL" : 114,
					"TEXCOORD_0" : 115
					},
					"indices" : 112,
					"mode": 4,
					"material" : 10
					,"extensions": {
					"KHR_draco_mesh_compression": {
					"bufferView": 28,
					"attributes" : {
					"POSITION": 0,
					"NORMAL" : 1,
					"TEXCOORD_0" : 2
					}
					}
					}
				}
			]
		},
		{
			"primitives" : [
				{
					"attributes" : {
					"POSITION" : 117,
					"NORMAL" : 118,
					"TEXCOORD_0" : 119
					},
					"indices" : 116,
					"mode": 4,
					"material" : 10
					,"extensions": {
					"KHR_draco_mesh_compression": {
					"bufferView": 29,
					"attributes" : {
					"POSITION": 0,
					"NORMAL" : 1,
					"TEXCOORD_0" : 2
					}
					}
					}
				}
			]
		},
		{
			"primitives" : [
				{
					"attributes" : {
					"POSITION" : 121,
					"NORMAL" : 122,
					"TEXCOORD_0" : 123
					},
					"indices" : 120,
					"mode": 4,
					"material" : 10
					,"extensions": {
					"KHR_draco_mesh_compression": {
					"bufferView": 30,
					"attributes" : {
					"POSITION": 0,
					"NORMAL" : 1,
					"TEXCOORD_0" : 2
					}
					}
					}
				}
			]
		},
		{
			"primitives" : [
				{
					"attributes" : {
					"POSITION" : 125,
					"NORMAL" : 126,
					"TEXCOORD_0" : 127
					},
					"indices" : 124,
					"mode": 4,
					"material" : 10
					,"extensions": {
					"KHR_draco_mesh_compression": {
					"bufferView": 31,
					"attributes" : {
					"POSITION": 0,
					"NORMAL" : 1,
					"TEXCOORD_0" : 2
					}
					}
					}
				}
			]
		},
		{
			"primitives" : [
				{
					"attributes" : {
					"POSITION" : 129,
					"NORMAL" : 130,
					"TEXCOORD_0" : 131
					},
					"indices" : 128,
					"mode": 4,
					"material" : 10
					,"extensions": {
					"KHR_draco_mesh_compression": {
					"bufferView": 32,
					"attributes" : {
					"POSITION": 0,
					"NORMAL" : 1,
					"TEXCOORD_0" : 2
					}
					}
					}
				}
			]
		},
		{
			"primitives" : [
				{
					"attributes" : {
					"POSITION" : 133,
					"NORMAL" : 134,
					"TEXCOORD_0" : 135
					},
					"indices" : 132,
					"mode": 4,
					"material" : 10
					,"extensions": {
					"KHR_draco_mesh_compression": {
					"bufferView": 33,
					"attributes" : {
					"POSITION": 0,
					"NORMAL" : 1,
					"TEXCOORD_0" : 2
					}
					}
					}
				}
			]
		},
		{
			"primitives" : [
				{
					"attributes" : {
					"POSITION" : 137,
					"NORMAL" : 138,
					"TEXCOORD_0" : 139
					},
					"indices" : 136,
					"mode": 4,
					"material" : 10
					,"extensions": {
					"KHR_draco_mesh_compression": {
					"bufferView": 34,
					"attributes" : {
					"POSITION": 0,
					"NORMAL" : 1,
					"TEXCOORD_0" : 2
					}
					}
					}
				}
			]
		},
		{
			"primitives" : [
				{
					"attributes" : {
					"POSITION" : 141,
					"NORMAL" : 142,
					"TEXCOORD_0" : 143
					},
					"indices" : 140,
					"mode": 4,
					"material" : 10
					,"extensions": {
					"KHR_draco_mesh_compression": {
					"bufferView": 35,
					"attributes" : {
					"POSITION": 0,
					"NORMAL" : 1,
					"TEXCOORD_0" : 2
					}
					}
					}
				}
			]
		},
		{
			"primitives" : [
				{
					"attributes" : {
					"POSITION" : 145,
					"NORMAL" : 146,
					"TEXCOORD_0" : 147
					},
					"indices" : 144,
					"mode": 4,
					"material" : 10
					,"extensions": {
					"KHR_draco_mesh_compression": {
					"bufferView": 36,
					"attributes" : {
					"POSITION": 0,
					"NORMAL" : 1,
					"TEXCOORD_0" : 2
					}
					}
					}
				}
			]
		},
		{
			"primitives" : [
				{
					"attributes" : {
					"POSITION" : 149,
					"NORMAL" : 150,
					"TEXCOORD_0" : 151
					},
					"indices" : 148,
					"mode": 4,
					"material" : 10
					,"extensions": {
					"KHR_draco_mesh_compression": {
					"bufferView": 37,
					"attributes" : {
					"POSITION": 0,
					"NORMAL" : 1,
					"TEXCOORD_0" : 2
					}
					}
					}
				}
			]
		},
		{
			"primitives" : [
				{
					"attributes" : {
					"POSITION" : 153,
					"NORMAL" : 154,
					"TEXCOORD_0" : 155
					},
					"indices" : 152,
					"mode": 4,
					"material" : 10
					,"extensions": {
					"KHR_draco_mesh_compression": {
					"bufferView": 38,
					"attributes" : {
					"POSITION": 0,
					"NORMAL" : 1,
					"TEXCOORD_0" : 2
					}
					}
					}
				}
			]
		},
		{
			"primitives" : [
				{
					"attributes" : {
					"POSITION" : 157,
					"NORMAL" : 158,
					"TEXCOORD_0" : 159
					},
					"indices" : 156,
					"mode": 4,
					"material" : 10
					,"extensions": {
					"KHR_draco_mesh_compression": {
					"bufferView": 39,
					"attributes" : {
					"POSITION": 0,
					"NORMAL" : 1,
					"TEXCOORD_0" : 2
					}
					}
					}
				}
			]
		},
		{
			"primitives" : [
				{
					"attributes" : {
					"POSITION" : 161,
					"NORMAL" : 162,
					"TEXCOORD_0" : 163
					},
					"indices" : 160,
					"mode": 4,
					"material" : 10
					,"extensions": {
					"KHR_draco_mesh_compression": {
					"bufferView": 40,
					"attributes" : {
					"POSITION": 0,
					"NORMAL" : 1,
					"TEXCOORD_0" : 2
					}
					}
					}
				}
			]
		},
		{
			"primitives" : [
				{
					"attributes" : {
					"POSITION" : 165,
					"NORMAL" : 166,
					"TEXCOORD_0" : 167
					},
					"indices" : 164,
					"mode": 4,
					"material" : 10
					,"extensions": {
					"KHR_draco_mesh_compression": {
					"bufferView": 41,
					"attributes" : {
					"POSITION": 0,
					"NORMAL" : 1,
					"TEXCOORD_0" : 2
					}
					}
					}
				}
			]
		},
		{
			"primitives" : [
				{
					"attributes" : {
					"POSITION" : 169,
					"NORMAL" : 170,
					"TEXCOORD_0" : 171
					},
					"indices" : 168,
					"mode": 4,
					"material" : 10
					,"extensions": {
					"KHR_draco_mesh_compression": {
					"bufferView": 42,
					"attributes" : {
					"POSITION": 0,
					"NORMAL" : 1,
					"TEXCOORD_0" : 2
					}
					}
					}
				}
			]
		},
		{
			"primitives" : [
				{
					"attributes" : {
					"POSITION" : 173,
					"NORMAL" : 174,
					"TEXCOORD_0" : 175
					},
					"indices" : 172,
					"mode": 4,
					"material" : 10
					,"extensions": {
					"KHR_draco_mesh_compression": {
